"","number_people","timestamp","day_of_week","is_weekend","is_holiday","apparent_temperature","temperature","is_start_of_semester"
"number_people",1,0.516720990417555,-0.198662160014743,-0.212955300512139,-0.023753774524768,0.371589002309815,0.365246974879143,0.188742879419299
"timestamp",0.516720990417555,1,0.00218839321020537,0.00577365351315505,0.0000150144115856291,0.135662608734084,0.134208955558041,-0.00802885395824057
"day_of_week",-0.198662160014743,0.00218839321020537,1,0.795181803054361,-0.0905684630744177,-0.0115532170034277,-0.0110302480349575,0.00580063302204169
"is_weekend",-0.212955300512139,0.00577365351315505,0.795181803054361,1,-0.0692562742323101,0.00309527353042509,0.00307858343691695,0.00343411028382523
"is_holiday",-0.023753774524768,0.0000150144115856291,-0.0905684630744177,-0.0692562742323101,1,-0.0680552354854267,-0.0592059777826788,0.0838017038629485
"apparent_temperature",0.371589002309815,0.135662608734084,-0.0115532170034277,0.00309527353042509,-0.0680552354854267,1,0.995838690710553,0.0926224573445956
"temperature",0.365246974879143,0.134208955558041,-0.0110302480349575,0.00307858343691695,-0.0592059777826788,0.995838690710553,1,0.0922549344307029
"is_start_of_semester",0.188742879419299,-0.00802885395824057,0.00580063302204169,0.00343411028382523,0.0838017038629485,0.0926224573445956,0.0922549344307029,1
